min(5):[(1,1), (2,2), (5,4), (3,3), (4,5)]=1.5 true
max(5):[(2,1), (4,2), (5,4), (3,5), (1,3)]=9.0 true
duration: 33.6547
min(6):[(1,1), (6,3), (2,2), (3,4), (5,5), (4,6)]=4.0 true
max(6):[(2,1), (5,2), (6,4), (4,5), (3,6), (1,3)]=14.0 true
duration: 127.107602
min(7):[(1,1), (6,5), (5,3), (7,6), (4,4), (2,2), (3,7)]=4.5 true
max(7):[(2,1), (1,5), (3,7), (7,6), (6,3), (4,4), (5,2)]=22.0 true
duration: 276.021907
solutions: 11547
min(8):[(2,1), (3,2), (5,5), (6,7), (1,4), (7,8), (4,3), (8,6)]=3.5 true
max(8):[(2,1), (6,2), (5,4), (4,5), (7,3), (8,7), (3,8), (1,6)]=32.5 true
duration: 4026.152426
solutions: 227191
min(9):[(1,1), (6,5), (9,7), (7,6), (3,3), (4,4), (8,9), (2,2), (5,8)]=4.5 true
max(9):[(2,1), (1,5), (3,9), (9,8), (8,3), (6,4), (5,6), (4,7), (7,2)]=44.0 true
duration: 120801.904372
solutions: 4457332

min:[(1,1), (2,2), (6,4), (3,3), (8,9), (5,5), (9,10), (11,7), (10,11), (4,6), (7,8)]=7.0
max:[(8,7), (4,5), (3,2), (6,3), (10,1), (11,10), (1,11), (2,4), (7,8), (5,6), (9,9)]=66.0


min(17):[(1,1), (2,2), (4,3), (3,4), (6,5), (10,6), (5,7), (14,8), (15,10), (8,16), (9,13), (7,17), (13,12), (11,15), (17,11), (12,14), (16,9)]=22.5 true
max(17):[(1,1), (2,2), (4,3), (3,4), (6,5), (10,6), (5,7), (14,8), (15,10), (8,13), (13,11), (9,14), (12,12), (11,15), (16,9), (17,16), (7,17)]=109.0 true

min(23):[(1,1), (2,2), (4,3), (3,4), (6,5), (5,7), (7,6), (8,8), (9,11), (12,9), (10,12), (11,16), (13,19), (16,18), (17,14), (20,10), (19,15), (22,17), (21,20), (18,13), (15,21), (23,23), (14,22)]=54.0
max(23):[(11,1), (16,22), (18,12), (21,10), (13,3), (17,2), (23,9), (19,14), (22,11), (20,20), (15,23), (10,18), (7,13), (8,6), (4,16), (5,5), (3,17), (9,19), (2,21), (1,8), (6,4), (12,7), (14,15)]=212.0

min(29):[(1,1), (2,2), (4,3), (3,4), (6,5), (5,7), (7,6), (8,8), (9,11), (12,10), (11,13), (14,15), (16,12), (13,14), (17,9), (15,16), (19,19), (21,22), (22,18), (23,23), (27,24), (26,20), (28,25), (24,26), (29,29), (18,27), (25,28), (20,21), (10,17)]=94.0
max(29):[(7,1), (20,5), (25,3), (6,25), (23,23), (24,12), (28,4), (12,19), (18,14), (26,6), (19,18), (21,13), (16,22), (17,15), (14,24), (13,21), (11,20), (22,8), (29,2), (27,26), (15,29), (10,28), (1,27), (3,9), (4,10), (8,17), (5,11), (9,16), (2,7)]=506.5

min(37):[(1,1), (2,2), (4,3), (3,4), (6,5), (5,7), (7,6), (8,8), (9,11), (12,10), (11,13), (14,15), (16,12), (13,14), (15,9), (18,16), (20,19), (24,18), (23,22), (19,21), (22,25), (26,28), (29,24), (28,29), (33,31), (32,27), (35,32), (31,35), (36,34), (34,23), (37,36), (27,37), (30,30), (21,26), (25,33), (17,20), (10,17)]=161.5
max(37):[(1,1), (2,2), (4,3), (3,4), (6,5), (11,19), (35,8), (28,27), (21,29), (17,30), (19,17), (18,28), (25,18), (31,11), (27,24), (29,14), (24,23), (23,21), (22,25), (26,26), (33,13), (30,15), (32,10), (10,20), (15,33), (12,31), (8,22), (9,16), (7,9), (5,35), (14,36), (13,32), (16,37), (37,34), (36,7), (20,12), (34,6)]=811.5

min(47):[(1,1), (2,2), (4,3), (3,4), (6,5), (5,7), (7,6), (8,8), (9,11), (12,10), (11,13), (14,15), (16,12), (13,14), (15,9), (18,16), (20,19), (24,18), (23,22), (19,21), (22,25), (26,28), (25,24), (28,20), (32,17), (31,23), (36,26), (41,27), (40,32), (45,31), (46,36), (43,41), (42,35), (37,37), (39,42), (34,40), (30,45), (38,46), (47,47), (17,44), (27,43), (33,38), (44,34), (35,30), (29,29), (10,39), (21,33)]=354.0
max(47):[(1,1), (2,2), (4,3), (3,4), (6,5), (5,7), (7,6), (8,8), (9,11), (12,10), (11,13), (14,15), (16,12), (13,14), (15,9), (18,16), (20,19), (24,18), (23,22), (19,21), (22,25), (26,28), (25,24), (28,20), (32,17), (31,23), (36,26), (41,27), (40,32), (45,31), (46,36), (47,42), (42,44), (38,39), (35,34), (33,29), (34,37), (29,33), (21,30), (30,35), (37,41), (27,38), (39,43), (44,45), (17,40), (43,46), (10,47)]=980.0

min(59):[(1,1), (2,2), (4,3), (3,4), (6,5), (5,7), (7,6), (8,8), (9,11), (12,10), (11,13), (14,15), (16,12), (13,14), (15,9), (18,16), (20,19), (24,18), (23,22), (19,21), (22,25), (26,28), (25,24), (28,20), (32,17), (31,23), (36,26), (41,27), (40,32), (45,31), (46,36), (51,34), (49,29), (55,30), (52,35), (57,37), (58,43), (53,46), (50,41), (56,40), (48,39), (44,44), (39,48), (43,53), (38,47), (34,54), (29,50), (35,55), (42,56), (37,49), (47,58), (59,59), (33,57), (17,51), (27,52), (30,42), (10,45), (54,38), (21,33)]=675.0
max(59):[(1,1), (2,2), (4,3), (3,4), (6,5), (5,7), (7,6), (8,8), (9,11), (12,10), (11,13), (14,15), (16,12), (13,14), (15,9), (18,16), (20,19), (24,18), (23,22), (19,21), (22,25), (26,28), (25,24), (28,20), (32,17), (31,23), (36,26), (41,27), (40,32), (45,31), (46,36), (51,34), (49,29), (55,30), (52,35), (57,37), (58,43), (53,46), (50,41), (56,40), (48,39), (44,44), (39,48), (43,53), (38,47), (35,54), (30,50), (37,49), (33,38), (27,33), (34,45), (21,52), (29,55), (42,56), (47,42), (54,51), (59,58), (17,59), (10,57)]=1560.5
